22.9	
23.078	
22.821	
22.851	
22.941	
22.956	
22.907	
22.794	
22.746	
22.743	
22.862	
22.841	
22.866	
22.855	
23.038	
22.832	
23.063	
22.672	
22.819	
22.929	
23.002	
22.737	
22.943	
22.847	
22.893	
22.742	
23.065	
23.092	
22.727	
22.556	
22.915	
23.128	
22.806	
22.769	
23.138	
22.874	
22.789	
22.754	
23.021	
23.005	
22.922	
23	
22.812	
22.907	
22.848	
23.053	
22.76	
23.025	
22.891	
22.835	
23.084	
22.862	
22.908	
23.033	
22.9	
22.968	
23.114	
22.651	
22.856	
22.797	
23.048	
22.944	
22.818	
23.08	
22.926	
23.039	
22.913	
22.909	
22.733	
23.063	
23.001	
23.057	
22.841	
23.135	
22.777	
22.811	
22.846	
22.954	
22.865	
22.805	
22.76	
22.762	
22.89	
22.763	
22.941	
22.623	
22.823	
22.75	
22.956	
23.011	
22.75	
22.985	
22.958	
22.798	
23.07	
22.868	
22.877	
23.02	
22.852	
22.851	
23.131	
22.853	
22.871	
23.02	
23.056	
22.691	
22.932	
22.72	
22.866	
22.793	
22.964	
22.999	
22.751	
22.821	
22.971	
22.856	
22.951	
22.666	
23.044	
22.928	
23.018	
22.812	
23.064	
22.956	
22.971	
22.833	
22.973	
22.742	
23.063	
22.976	
22.951	
22.971	
22.882	
22.887	
22.858	
22.683	
22.939	
22.932	
22.906	
22.966	
22.99	
22.925	
22.841	
22.845	
23.025	
22.902	
22.702	
22.895	
22.796	
22.758	
22.999	
22.679	
22.959	
22.927	
22.919	
22.71	
23.213	
22.82	
23.001	
22.95	
22.884	
22.924	
22.831	
22.822	
22.843	
22.691	
22.949	
22.863	
23.188	
22.89	
22.787	
22.641	
22.7	
23.03	
22.956	
22.814	
22.741	
23.091	
22.847	
22.7	
22.769	
22.908	
22.794	
23.08	
22.874	
22.908	
22.825	
22.721	
22.96	
22.947	
23.036	
22.729	
22.868	
22.862	
22.78	
22.835	
22.841	
23.029	
22.937	
23.148	
23.002	
22.881	
22.946	
23.051	
22.833	
22.757	
22.934	
22.843	
22.822	
22.863	
22.99	
22.929	
23.02	
22.878	
22.857	
22.964	
22.853	
22.839	
22.969	
22.776	
22.882	
22.771	
22.94	
22.985	
22.893	
22.901	
22.995	
22.796	
22.895	
22.845	
22.865	
22.788	
22.938	
22.803	
22.734	
22.737	
22.793	
22.799	
22.862	
22.873	
23.07	
22.643	
22.814	
22.875	
23.055	
22.847	
22.892	
22.995	
22.999	
22.655	
22.867	
22.803	
22.936	
23.005	
22.778	
22.84	
22.945	
22.982	
22.964	
22.88	
23.017	
22.962	
22.793	
22.884	
22.774	
22.928	
22.994	
22.969	
22.976	
23.132	
22.857	
22.865	
22.941	
22.678	
23.068	
22.638	
22.683	
22.891	
22.811	
22.802	
22.859	
22.94	
22.844	
22.914	
22.915	
22.999	
22.864	
22.79	
22.925	
22.814	
22.917	
22.88	
23.069	
23.001	
22.901	
22.994	
22.931	
22.842	
23.062	
22.679	
22.848	
22.832	
23.055	
22.976	
23.067	
22.733	
22.879	
22.779	
22.827	
22.925	
22.82	
23.014	
22.944	
22.674	
22.779	
22.8	
22.806	
22.828	
22.753	
22.816	
22.841	
22.971	
22.762	
22.841	
22.982	
22.716	
22.739	
22.977	
22.934	
22.816	
22.859	
22.994	
22.668	
22.739	
23.074	
22.739	
22.907	
22.99	
22.767	
22.801	
22.904	
22.934	
22.873	
23.068	
22.828	
22.951	
22.757	
22.924	
22.772	
22.871	
22.763	
22.819	
22.893	
22.9	
23.064	
22.891	
23.004	
22.949	
22.944	
22.871	
22.859	
23.132	
22.999	
22.757	
22.751	
22.986	
22.659	
22.962	
22.953	
22.815	
22.983	
22.826	
22.716	
23.14	
22.825	
23.039	
22.911	
22.749	
23.053	
22.669	
22.743	
22.974	
22.98	
23.064	
23.231	
23.012	
23.102	
22.927	
22.707	
22.904	
23.075	
22.747	
22.87	
22.755	
22.792	
22.869	
22.873	
22.823	
22.736	
22.858	
22.953	
22.896	
22.796	
22.852	
22.973	
22.905	
22.879	
22.903	
22.75	
22.827	
22.872	
23.069	
22.799	
23.185	
22.949	
22.91	
22.756	
23.141	
23.115	
22.788	
22.746	
23.098	
22.807	
22.77	
22.889	
23.025	
23.12	
23.18	
22.736	
22.694	
22.947	
23.047	
22.999	
22.877	
22.921	
22.86	
23.087	
22.961	
22.846	
22.965	
22.888	
22.884	
22.695	
22.829	
22.969	
23.01	
23.069	
23.028	
22.919	
22.946	
23.166	
22.971	
22.755	
22.794	
23.092	
23.072	
22.87	
23.028	
22.884	
22.878	
23.013	
22.981	
23.047	
22.956	
22.923	
22.959	
23.068	
22.896	
22.909	
22.642	
22.793	
22.822	
22.95	
22.974	
22.898	
23.177	
22.817	
22.956	
22.835	
22.656	
23.133	
22.927	
23.007	
22.974	
22.937	
22.787	
23.001	
23.061	
22.932	
22.959	
22.896	
22.879	
22.954	
22.689	
22.977	
22.799	
23.156	
22.905	
22.979	
22.908	
22.933	
22.634	
23.143	
22.891	
23.011	
22.755	
22.978	
23.005	
22.599	
22.689	
22.794	
22.656	
23.026	
22.916	
22.744	
23.127	
22.69	
22.762	
22.893	
22.789	
22.676	
22.67	
22.893	
22.964	
22.914	
22.969	
22.806	
22.827	
22.738	
22.989	
22.9	
22.852	
22.883	
22.875	
22.724	
22.653	
22.848	
22.802	
23.075	
22.979	
22.865	
22.766	
22.842	
22.759	
22.878	
22.847	
22.891	
22.778	
22.737	
22.795	
22.748	
22.836	
22.908	
22.745	
23.027	
22.717	
22.877	
22.801	
22.827	
22.961	
22.858	
23.118	
22.978	
22.809	
22.846	
22.976	
22.613	
22.911	
22.842	
22.97	
22.813	
23.041	
22.913	
23.032	
22.803	
22.934	
22.982	
22.871	
23.091	
22.841	
22.933	
23.032	
23.016	
22.853	
22.902	
22.928	
22.934	
22.452	
22.827	
23.012	
23.077	
22.957	
23.04	
22.889	
22.936	
23.019	
23.026	
22.865	
22.967	
22.862	
23.097	
22.803	
22.791	
22.689	
22.964	
23.157	
23.039	
22.847	
22.869	
22.711	
22.874	
22.902	
23.029	
22.703	
22.842	
22.97	
22.867	
22.911	
22.751	
22.966	
22.869	
23.196	
22.908	
22.732	
23.123	
23.031	
22.946	
23.115	
23.073	
23	
22.742	
23.045	
22.763	
23.026	
22.787	
22.854	
22.652	
22.721	
22.793	
23.137	
22.949	
22.794	
22.81	
23.09	
22.83	
22.843	
22.897	
22.875	
22.988	
22.795	
22.988	
22.963	
22.813	
22.725	
23.016	
22.827	
22.851	
23.085	
22.844	
22.925	
22.866	
22.896	
22.774	
22.8	
22.988	
23.117	
22.983	
22.927	
23.057	
22.919	
23.205	
22.901	
22.88	
22.885	
23.037	
22.98	
22.917	
22.921	
22.836	
22.809	
22.775	
22.797	
22.84	
22.776	
23.175	
23	
22.717	
22.665	
22.738	
23.045	
22.772	
22.917	
23.029	
22.733	
22.826	
23.074	
22.925	
22.829	
23.127	
22.779	
22.846	
22.803	
22.753	
22.89	
22.984	
22.921	
23.054	
22.908	
22.832	
22.838	
23.111	
22.829	
22.825	
22.919	
22.767	
23.081	
22.757	
22.91	
22.881	
22.887	
22.846	
23.097	
22.967	
22.892	
22.984	
22.907	
22.854	
22.877	
22.884	
22.975	
22.813	
22.859	
22.763	
22.941	
22.701	
23.067	
22.882	
22.716	
22.915	
22.91	
23.279	
22.817	
22.757	
22.919	
22.821	
23.17	
23.03	
22.78	
22.963	
23.083	
22.78	
22.782	
22.956	
22.677	
22.773	
22.735	
22.788	
22.822	
23.016	
22.971	
22.993	
23.002	
22.905	
22.984	
22.918	
22.909	
22.623	
23.096	
22.673	
22.809	
22.883	
22.722	
23.119	
22.823	
22.778	
22.837	
23.001	
22.988	
22.959	
22.691	
22.753	
22.87	
22.917	
22.822	
22.814	
22.895	
22.798	
22.902	
23.069	
22.968	
22.749	
22.873	
22.948	
22.892	
22.875	
22.745	
22.831	
22.85	
23.021	
22.771	
22.917	
22.888	
22.855	
22.89	
22.873	
22.924	
22.92	
22.867	
22.77	
22.858	
22.775	
22.759	
22.996	
22.96	
23.032	
22.971	
22.773	
22.704	
22.905	
22.805	
22.873	
22.628	
22.903	
23.091	
23.062	
22.743	
23.081	
22.895	
22.942	
22.864	
22.909	
22.813	
22.87	
23.002	
22.973	
22.667	
22.776	
22.832	
22.737	
22.936	
22.745	
22.984	
23.102	
22.792	
22.896	
22.83	
23.013	
22.738	
23.124	
22.792	
22.996	
23.013	
23.055	
22.764	
22.844	
22.956	
22.95	
22.834	
22.937	
22.928	
23.025	
22.89	
22.726	
22.645	
22.922	
22.871	
22.823	
23.008	
22.966	
23.057	
22.804	
22.965	
23.007	
22.9	
22.861	
22.885	
22.834	
22.728	
22.792	
23.033	
22.86	
22.82	
23.139	
22.812	
22.758	
22.857	
22.998	
23.04	
22.936	
22.65	
22.986	
23	
22.839	
22.912	
22.983	
22.937	
22.907	
22.726	
22.854	
23.052	
22.721	
22.925	
23.006	
22.916	
23.003	
22.906	
22.823	
22.82	
22.918	
22.982	
22.924	
22.78	
22.881	
22.833	
22.809	
22.705	
22.886	
22.772	
22.856	
22.544	
23.012	
22.979	
23.016	
22.854	
22.958	
22.763	
22.918	
22.93	
22.725	
22.932	
23.028	
22.864	
22.86	
23.001	
22.779	
22.908	
22.919	
22.829	
22.86	
22.897	
22.934	
22.936	
23.023	
22.996	
23.005	
22.796	
23.061	
22.874	
22.94	
22.902	
22.873	
22.949	
22.85	
22.669	
22.872	
22.992	
22.913	
22.875	
22.756	
22.902	
22.874	
23.049	
22.671	
22.792	
22.718	
23.019	
22.947	
22.729	
22.807	
22.839	
22.94	
22.883	
23.205	
23.091	
22.868	
23.012	
22.81	
22.796	
22.944	
22.962	
23.111	
22.91	
22.903	
22.858	
22.902	
22.907	
22.999	
22.938	
22.963	
22.85	
22.816	
22.659	
22.731	
22.729	
22.919	
22.945	
22.901	
22.937	
22.883	
22.754	
22.768	
22.955	
22.795	
22.924	
23.096	
22.969	
22.79	
22.891	
22.995	
22.877	
22.978	
22.764	
22.75	
22.899	
22.968	
22.829	
22.858	
22.808	
23.026	
22.815	
22.823	
22.905	
22.812	
23.037	
22.89	
22.718	
23.028	
22.795	
22.985	
22.951	
22.717	
22.865	
22.841	
22.605	
22.797	
22.575	
23.027	
22.796	
23.03	
23.155	
23.051	
22.824	
22.948	
22.832	
22.932	
22.8	
22.766	
22.956	
22.793	
22.847	
22.887	
22.97	
23.246	
22.67	
22.749	
22.929	
22.738	
22.699	
23.034	
22.946	
22.883	
22.719	
22.825	
22.702	
22.945	
22.627	
22.896	
22.567	
23.012	
22.717	
22.854	
22.868	
22.865	
22.976	
22.879	
22.963	
22.744	
22.849	
22.721	
22.817	
22.796	
22.774	
22.991	
22.932	
22.769	
22.85	
23.01	
22.833	
22.745	
22.762	
22.994	
22.914	
22.802	
22.959	
22.761	
22.794	
22.819	
22.841	
22.977	
22.857	
22.745	
22.937	
22.811	
22.985	
22.755	
23.017	
22.643	
22.897	
22.976	
22.871	
22.941	
22.831	
22.863	
22.932	
22.923	
22.956	
22.793	
22.738	
22.9	
22.816	
23.065	
22.801	
22.725	
22.88	
23.25	
22.796	
22.89	
22.958	
22.929	
23.11	
22.911	
22.991	
22.952	
22.871	
22.854	
22.809	
22.955	
22.831	
22.899	
22.816	
23.032	
22.859	
22.821	
22.948	
23.013	
22.66	
22.821	
22.928	
22.838	
22.902	
22.894	
22.933	
22.926	
22.783	
22.981	
22.928	
22.633	
22.789	
22.982	
22.933	
22.727	
22.983	
22.719	
22.782	
23.033	
22.976	
22.901	
22.797	
22.907	
22.88	
22.829	
23.046	
22.945	
22.921	
22.777	
22.795	
23.022	
22.905	
22.816	
22.88	
22.874	
22.924	
22.904	
23.109	
22.814	
22.99	
22.861	
22.844	
22.711	
22.905	
22.984	
22.84	
22.9	
22.814	
22.919	
22.882	
22.833	
23.1	
22.876	
22.743	
22.813	
22.885	
22.693	
22.898	
22.891	
22.926	
22.768	
22.664	
23.006	
22.879	
22.994	
22.896	
22.944	
22.891	
22.948	
23.117	
23.04	
22.737	
22.633	
22.655	
23.055	
22.664	
22.74	
22.927	
22.882	
22.963	
22.907	
22.843	
22.948	
22.872	
22.743	
22.91	
22.965	
22.919	
22.883	
22.97	
23.009	
22.907	
22.896	
23.084	
22.78	
22.789	
22.697	
22.906	
22.95	
22.948	
22.791	
22.825	
22.803	
22.747	
22.769	
22.757	
22.669	
23.014	
22.871	
22.848	
23.026	
23.06	
22.908	
22.951	
22.966	
22.75	
23.016	
23.025	
23.004	
22.95	
22.871	
22.877	
22.976	
23.039	
22.843	
22.82	
22.781	
23.05	
22.788	
23.024	
22.991	
22.624	
22.986	
22.635	
22.959	
22.982	
22.992	
22.811	
23.038	
22.788	
22.763	
22.955	
23.006	
23.047	
22.847	
22.966	
22.992	
22.543	
22.971	
22.776	
22.9	
22.97	
22.774	
23.014	
22.975	
22.876	
22.741	
22.797	
22.941	
23.17	
22.792	
22.85	
22.875	
22.684	
22.862	
23.053	
22.837	
22.946	
22.802	
22.869	
23.02	
22.812	
23.023	
22.83	
22.706	
22.718	
22.753	
22.857	
22.901	
22.766	
22.955	
22.826	
22.915	
22.803	
22.908	
23.006	
22.872	
22.914	
23.019	
22.951	
22.948	
22.888	
23.022	
22.779	
23.027	
23.026	
22.938	
22.947	
23.058	
22.705	
22.921	
22.68	
22.856	
22.768	
22.853	
22.866	
23.072	
22.958	
22.924	
22.8	
22.703	
22.865	
22.701	
22.908	
22.921	
22.84	
22.754	
22.857	
22.827	
22.81	
22.893	
22.869	
22.842	
22.814	
23.024	
22.927	
23.059	
22.891	
22.824	
22.847	
22.869	
22.723	
22.766	
22.878	
22.885	
22.802	
22.846	
22.733	
22.934	
23.095	
22.77	
22.642	
22.922	
22.835	
22.875	
22.888	
22.894	
23.11	
22.736	
22.932	
23.113	
22.824	
22.876	
22.803	
22.948	
23	
22.967	
22.779	
22.887	
22.987	
22.79	
22.786	
22.735	
22.875	
22.853	
22.852	
22.693	
22.955	
22.827	
22.902	
22.937	
22.825	
22.678	
22.974	
22.825	
22.765	
22.87	
22.965	
23.02	
22.963	
22.912	
22.819	
22.953	
22.792	
22.887	
22.84	
22.818	
22.995	
22.827	
22.798	
22.996	
23.084	
22.71	
23.028	
22.877	
23.159	
22.846	
22.736	
22.71	
22.88	
23.029	
22.804	
22.785	
22.961	
22.984	
22.779	
22.871	
22.943	
22.902	
22.854	
22.912	
22.956	
22.872	
22.781	
23.001	
22.906	
23.118	
22.892	
22.919	
22.838	
22.988	
22.897	
22.691	
22.732	
22.76	
22.839	
22.769	
22.748	
22.762	
22.849	
22.96	
23.165	
22.865	
22.662	
22.892	
22.954	
22.788	
22.897	
22.981	
23.078	
22.731	
23.093	
22.661	
22.931	
22.855	
23.008	
22.899	
22.657	
22.849	
22.886	
23.007	
22.974	
22.786	
22.779	
22.726	
22.762	
22.669	
22.67	
22.878	
22.942	
23.006	
22.898	
22.871	
22.824	
22.923	
22.928	
22.833	
22.854	
22.883	
23.042	
22.859	
23.046	
22.785	
22.815	
22.933	
22.873	
22.759	
22.955	
22.995	
22.882	
22.958	
22.728	
22.893	
22.723	
22.78	
23.048	
22.951	
22.537	
22.795	
22.913	
23.013	
22.86	
22.921	
22.841	
22.857	
22.947	
22.886	
23.109	
22.8	
23.004	
22.807	
23	
22.994	
22.918	
22.873	
22.979	
22.798	
22.881	
22.837	
23.076	
22.934	
23.051	
22.964	
23.122	
22.957	
22.823	
22.954	
22.996	
22.984	
22.881	
22.849	
22.887	
22.872	
22.916	
22.68	
22.932	
22.809	
22.6	
22.819	
22.995	
22.819	
22.804	
22.852	
22.859	
22.87	
22.814	
22.882	
22.881	
23.043	
22.909	
22.937	
22.788	
22.679	
22.967	
23.116	
23.006	
22.918	
22.896	
22.955	
22.965	
22.934	
23.093	
22.932	
22.839	
22.765	
23.096	
22.786	
22.707	
22.881	
23.058	
22.908	
22.892	
22.773	
23.024	
22.933	
22.822	
22.852	
22.762	
22.67	
22.932	
22.975	
22.785	
22.932	
22.961	
22.991	
22.962	
22.739	
22.967	
22.953	
22.961	
22.837	
22.735	
23.042	
22.903	
22.939	
22.805	
22.688	
22.652	
23.076	
22.926	
22.899	
22.867	
22.852	
22.834	
23.054	
22.696	
22.951	
22.845	
22.626	
22.96	
22.942	
22.679	
22.99	
22.948	
22.894	
22.734	
22.851	
22.925	
22.954	
22.935	
22.779	
22.823	
22.975	
22.785	
23.071	
23.107	
22.722	
22.777	
23.009	
22.774	
23.081	
22.799	
22.959	
22.757	
22.888	
22.936	
22.872	
22.852	
22.873	
22.824	
22.761	
22.95	
22.728	
22.892	
22.865	
22.71	
22.703	
22.927	
23.047	
22.946	
23.014	
22.963	
22.681	
22.732	
22.881	
22.927	
22.971	
23.061	
22.953	
22.781	
22.785	
22.9	
22.877	
23.187	
23.124	
22.759	
22.866	
22.91	
22.989	
22.863	
22.903	
22.967	
23.067	
22.814	
23.043	
22.937	
22.867	
22.863	
22.815	
22.959	
22.935	
22.986	
22.84	
22.902	
22.88	
22.887	
22.939	
23.08	
22.729	
22.773	
23.026	
22.949	
22.695	
22.956	
22.925	
22.987	
22.878	
22.901	
23.059	
22.842	
22.863	
22.969	
22.79	
22.919	
22.896	
22.859	
22.87	
22.936	
22.924	
22.848	
22.821	
22.833	
23.015	
22.862	
22.833	
22.925	
22.95	
22.962	
22.842	
22.821	
23.026	
22.859	
22.917	
22.839	
22.877	
23.095	
22.952	
22.999	
22.77	
22.808	
22.936	
22.69	
23.002	
22.94	
22.748	
23.08	
22.929	
22.671	
22.926	
22.726	
22.875	
22.961	
22.873	
22.835	
22.849	
23.159	
22.944	
23.075	
22.991	
22.996	
22.822	
22.948	
23.01	
22.847	
22.905	
22.589	
22.945	
22.898	
22.788	
22.998	
22.865	
22.817	
22.917	
22.947	
22.792	
22.87	
22.593	
22.826	
22.871	
23.078	
22.995	
22.795	
22.964	
22.822	
22.862	
22.829	
22.936	
23.051	
22.913	
23.117	
22.866	
22.953	
22.8	
22.881	
22.877	
23.085	
22.975	
22.857	
22.749	
23.003	
22.909	
22.614	
22.881	
22.896	
22.889	
22.855	
23.005	
22.783	
23.171	
22.974	
22.789	
22.839	
22.997	
23.155	
22.965	
22.908	
22.962	
23.072	
22.913	
22.869	
23.051	
22.907	
22.772	
22.895	
22.797	
22.889	
23.109	
22.857	
22.927	
22.859	
22.887	
22.907	
22.796	
22.893	
22.86	
22.893	
22.848	
22.879	
22.779	
23.098	
22.927	
22.992	
22.816	
22.816	
23.071	
22.942	
22.952	
22.752	
22.922	
22.762	
22.878	
22.862	
22.96	
23.195	
22.656	
23.065	
22.739	
22.773	
22.823	
23.119	
23.061	
23.023	
22.932	
22.956	
22.954	
22.657	
23.062	
23.009	
22.796	
22.843	
22.938	
22.977	
22.961	
23.001	
22.992	
22.775	
22.838	
22.907	
22.992	
22.873	
22.993	
22.913	
22.857	
22.748	
22.924	
22.886	
22.881	
22.875	
22.745	
22.941	
22.905	
23.081	
22.79	
22.724	
22.994	
23.07	
22.973	
23.071	
22.886	
22.951	
22.923	
22.931	
22.87	
22.955	
22.98	
22.701	
22.943	
22.984	
22.92	
22.644	
22.969	
22.855	
22.861	
22.784	
22.95	
22.908	
22.888	
22.869	
23.088	
22.743	
22.969	
22.837	
22.927	
23.129	
22.749	
22.866	
22.926	
22.855	
22.829	
22.857	
22.824	
22.757	
22.832	
22.589	
22.597	
22.686	
23.022	
22.676	
23.039	
22.891	
22.914	
22.851	
22.937	
23.053	
22.928	
22.87	
23.022	
22.797	
22.819	
22.911	
22.866	
22.558	
23.109	
22.896	
22.853	
22.823	
22.816	
22.983	
22.993	
22.958	
22.777	
22.898	
22.975	
22.679	
22.929	
23.109	
23.038	
22.904	
22.897	
22.822	
22.789	
22.801	
23.073	
22.695	
22.627	
23	
22.84	
22.779	
22.785	
22.778	
22.759	
22.836	
22.908	
22.989	
22.952	
22.871	
22.99	
23.17	
22.756	
22.771	
22.977	
22.802	
22.708	
22.686	
22.973	
22.76	
23.049	
22.825	
22.886	
22.901	
23.007	
22.942	
22.921	
22.939	
22.876	
22.861	
22.852	
23.006	
23.077	
22.764	
22.89	
22.886	
22.989	
23.077	
22.916	
22.886	
22.948	
22.639	
22.882	
22.872	
22.948	
23.136	
22.924	
22.904	
22.712	
22.801	
22.912	
22.835	
23.021	
22.791	
22.946	
22.912	
22.915	
22.956	
22.801	
22.993	
22.897	
22.938	
22.691	
22.729	
22.821	
22.855	
23.175	
22.755	
22.866	
22.768	
22.855	
22.988	
22.842	
23.119	
22.932	
22.731	
22.817	
22.895	
23.117	
22.61	
22.904	
22.886	
23.018	
22.958	
22.816	
22.944	
22.895	
22.923	
22.935	
22.944	
22.931	
22.89	
23.159	
22.719	
22.83	
23.033	
22.856	
22.892	
22.796	
22.834	
22.887	
22.881	
22.819	
22.809	
22.969	
22.945	
22.761	
22.974	
23.109	
22.839	
22.955	
23.019	
22.83	
22.968	
22.821	
22.952	
22.896	
23.002	
22.698	
22.909	
22.74	
22.793	
22.852	
23.019	
22.785	
22.886	
22.869	
22.978	
23.059	
23.022	
22.708	
22.895	
22.997	
23.03	
22.769	
22.776	
22.93	
23.129	
22.91	
23.023	
23.016	
22.887	
22.993	
22.752	
22.733	
22.832	
22.794	
22.766	
22.858	
22.875	
22.891	
23.02	
22.976	
22.881	
22.857	
22.849	
22.848	
22.964	
23.078	
22.679	
22.91	
23.063	
22.851	
22.835	
22.831	
22.767	
22.754	
22.795	
22.9	
22.933	
22.895	
22.837	
22.953	
22.78	
22.963	
22.813	
22.893	
22.856	
22.83	
22.909	
22.865	
22.922	
22.941	
22.923	
23.016	
22.974	
22.891	
22.775	
22.84	
22.866	
22.866	
23.049	
23.055	
22.746	
22.872	
22.75	
23.063	
22.658	
22.924	
22.794	
22.839	
23.037	
22.81	
22.987	
22.856	
22.758	
22.998	
23.133	
22.821	
22.713	
22.904	
22.859	
22.92	
22.857	
22.924	
22.868	
22.987	
22.885	
23.127	
22.87	
22.783	
22.953	
22.717	
23.049	
22.782	
22.791	
22.884	
22.837	
22.884	
23.001	
22.878	
22.772	
22.798	
23.063	
22.874	
23.037	
22.692	
22.859	
22.696	
22.721	
22.984	
22.969	
23.038	
22.503	
22.867	
22.841	
23.139	
23.082	
22.804	
22.945	
23.122	
22.934	
22.757	
22.685	
22.864	
22.733	
22.874	
22.792	
22.982	
23.091	
22.692	
22.779	
22.99	
22.981	
22.857	
22.762	
22.905	
22.944	
22.884	
22.988	
22.997	
22.817	
22.805	
23.001	
22.861	
22.801	
22.737	
22.878	
23.002	
23.043	
22.711	
22.697	
22.73	
22.864	
22.877	
22.771	
22.892	
23.003	
22.88	
22.89	
22.9	
22.958	
22.749	
23.06	
23.112	
22.896	
22.878	
22.694	
22.937	
22.731	
22.675	
22.78	
22.939	
23.042	
22.903	
22.859	
22.911	
23.065	
23.141	
22.952	
22.963	
23.154	
22.938	
22.778	
22.71	
22.741	
22.924	
22.873	
22.925	
22.742	
22.997	
22.648	
22.981	
23.059	
22.861	
22.855	
22.923	
22.961	
22.845	
22.836	
22.898	
22.95	
22.914	
23.028	
22.942	
22.649	
23.055	
23.019	
22.949	
22.864	
22.752	
23.061	
22.71	
22.786	
22.781	
22.815	
22.983	
22.725	
22.956	
23.164	
22.892	
22.904	
22.737	
22.734	
22.903	
22.893	
23.048	
23.128	
22.924	
22.905	
23.073	
22.761	
22.831	
22.638	
22.84	
22.923	
22.785	
22.989	
22.949	
22.93	
22.94	
22.992	
22.941	
22.786	
22.921	
22.975	
22.849	
23.031	
22.746	
22.828	
23.142	
22.858	
22.909	
23.053	
22.943	
23.054	
22.565	
23.106	
22.843	
22.929	
22.735	
22.89	
23.043	
23.071	
22.869	
23.046	
22.789	
22.924	
22.989	
22.918	
22.985	
22.9	
22.957	
22.904	
23.077	
22.909	
22.874	
22.838	
22.683	
22.721	
22.767	
22.914	
22.814	
22.995	
22.876	
22.793	
23.092	
23.082	
22.884	
23.017	
22.88	
22.751	
22.963	
22.712	
23.019	
22.81	
22.883	
23.005	
22.948	
22.877	
22.963	
22.871	
23.117	
22.847	
23.114	
22.845	
22.867	
22.843	
22.782	
23.035	
22.896	
22.899	
22.932	
22.923	
22.912	
22.861	
22.784	
22.787	
23.092	
22.821	
23.21	
22.945	
22.696	
22.839	
22.889	
22.742	
22.83	
22.816	
22.962	
22.927	
22.774	
22.995	
22.967	
22.905	
22.943	
23.024	
23.011	
23.014	
22.802	
22.876	
22.873	
23.076	
22.787	
22.713	
22.671	
23.092	
22.944	
22.807	
22.746	
22.693	
22.896	
22.904	
22.856	
22.844	
22.671	
22.788	
22.963	
22.971	
23.041	
22.799	
22.796	
22.681	
22.769	
22.951	
23.131	
22.951	
22.902	
23.141	
22.941	
22.855	
22.996	
23.027	
22.827	
22.976	
22.89	
22.813	
22.972	
23.019	
23.068	
23.124	
22.939	
22.905	
22.699	
22.65	
22.754	
22.958	
22.94	
22.933	
23.055	
22.96	
23.107	
23.007	
22.678	
22.822	
22.906	
22.962	
23.013	
22.987	
22.637	
23.009	
23.108	
22.745	
22.855	
22.739	
22.827	
22.861	
22.79	
23.008	
22.928	
22.882	
22.985	
22.786	
22.882	
23.021	
22.978	
23.101	
23.05	
22.819	
22.752	
22.813	
22.983	
22.807	
22.948	
22.841	
22.84	
22.951	
22.713	
22.59	
22.794	
22.843	
23.001	
22.888	
22.951	
22.839	
22.78	
22.902	
22.961	
22.856	
22.912	
23.06	
23.002	
22.984	
23.02	
22.877	
22.909	
22.74	
22.891	
23.004	
23.19	
22.732	
22.912	
22.916	
22.936	
22.845	
22.838	
22.693	
22.96	
22.749	
22.96	
23.146	
22.879	
22.816	
22.907	
23.212	
22.825	
22.995	
22.926	
23.071	
22.962	
22.807	
23.005	
22.885	
22.884	
22.895	
22.969	
22.828	
22.615	
22.963	
22.841	
22.85	
23.002	
22.956	
22.825	
23.07	
22.89	
22.817	
22.929	
22.894	
22.945	
22.944	
22.928	
22.97	
22.935	
22.864	
22.931	
22.726	
23.053	
22.986	
23.096	
23.069	
22.836	
22.886	
22.665	
22.91	
22.949	
22.782	
22.991	
22.807	
22.91	
22.978	
22.856	
23.09	
22.974	
22.75	
22.979	
22.763	
22.931	
22.914	
22.926	
22.792	
22.724	
22.864	
22.775	
22.78	
22.773	
22.867	
22.705	
22.638	
22.649	
22.801	
22.638	
22.993	
22.819	
22.812	
22.98	
22.85	
22.846	
22.877	
23.052	
22.97	
22.616	
22.943	
22.958	
23.036	
22.882	
23.015	
22.836	
22.825	
22.843	
22.897	
22.738	
22.836	
22.832	
22.807	
22.664	
22.899	
22.844	
22.748	
22.897	
22.688	
22.766	
22.92	
22.932	
22.709	
22.788	
22.765	
22.966	
22.714	
22.997	
23.043	
22.684	
22.809	
22.903	
23.092	
22.801	
22.862	
22.912	
23.064	
22.857	
22.95	
22.832	
22.929	
22.997	
23.036	
22.829	
22.951	
22.803	
22.988	
23.019	
22.878	
23.092	
22.826	
22.881	
23.023	
22.89	
22.864	
22.863	
22.883	
23.102	
23.128	
22.812	
22.963	
23.004	
22.701	
23.041	
22.908	
22.696	
22.749	
23.063	
22.823	
22.886	
23.046	
23.062	
22.933	
22.911	
22.849	
22.883	
22.978	
22.778	
22.824	
22.736	
22.971	
22.997	
22.808	
22.914	
22.677	
22.909	
22.91	
22.806	
23.056	
22.912	
22.998	
23.038	
22.947	
22.807	
22.836	
22.822	
22.982	
22.98	
22.793	
22.787	
22.808	
22.731	
22.903	
23.007	
22.802	
22.907	
22.631	
22.759	
22.95	
22.961	
22.886	
22.974	
22.675	
22.909	
22.694	
23.017	
23.077	
22.98	
22.956	
22.992	
22.841	
22.905	
22.85	
22.955	
22.777	
22.9	
22.736	
22.867	
22.856	
22.704	
22.777	
22.742	
22.967	
22.766	
22.864	
22.981	
22.985	
22.88	
22.929	
23.019	
22.95	
22.928	
22.862	
22.915	
22.861	
22.929	
22.769	
22.841	
22.85	
22.952	
22.97	
22.994	
23.024	
22.93	
23.024	
22.965	
22.902	
22.727	
22.885	
22.883	
22.994	
22.976	
22.843	
22.933	
23.01	
22.952	
22.797	
22.89	
22.896	
22.808	
22.874	
22.993	
22.796	
23.082	
23.092	
22.93	
22.939	
22.766	
22.804	
22.898	
22.877	
22.996	
22.879	
23.013	
22.801	
23.047	
22.785	
23.049	
22.909	
22.811	
22.954	
22.977	
22.858	
22.915	
22.891	
22.777	
22.863	
22.933	
22.968	
23.049	
22.953	
23.007	
22.745	
22.784	
23	
22.75	
22.601	
23.022	
22.81	
22.881	
23.145	
22.928	
22.796	
22.869	
22.801	
22.582	
22.796	
22.987	
22.996	
22.836	
22.873	
22.974	
22.864	
22.896	
22.956	
22.681	
23.014	
22.909	
22.93	
23.002	
22.864	
23.013	
22.76	
23.042	
22.841	
22.855	
23.093	
22.843	
22.839	
22.777	
22.927	
22.819	
22.803	
22.753	
22.732	
22.722	
22.656	
22.776	
22.826	
22.953	
22.657	
22.797	
22.972	
22.959	
22.944	
22.842	
23.128	
22.93	
22.848	
23.002	
22.863	
22.779	
22.877	
23.021	
22.796	
23.031	
22.795	
22.901	
22.912	
22.796	
22.828	
22.88	
22.907	
22.918	
22.678	
22.764	
22.829	
22.864	
22.751	
22.992	
23.002	
23.009	
22.911	
22.931	
23.057	
22.611	
22.741	
22.869	
22.87	
23.009	
23.028	
22.915	
22.8	
22.921	
23.063	
22.678	
22.843	
22.864	
22.691	
22.973	
22.881	
22.967	
22.791	
22.993	
22.948	
22.866	
22.904	
22.844	
22.98	
22.805	
22.694	
22.872	
22.935	
23.041	
22.841	
22.923	
23.089	
22.696	
22.956	
22.696	
23.035	
22.899	
22.885	
22.75	
22.965	
22.926	
22.636	
22.884	
22.805	
22.731	
22.749	
22.75	
22.719	
23.017	
22.83	
23.071	
23.066	
22.911	
22.899	
22.913	
22.722	
22.729	
22.807	
22.734	
22.982	
22.953	
23.002	
22.901	
23.031	
22.87	
22.892	
22.988	
23.034	
23.001	
22.722	
22.799	
22.671	
22.884	
22.984	
22.978	
22.95	
22.561	
22.965	
23.111	
22.765	
22.88	
22.84	
22.887	
22.909	
22.782	
22.973	
22.8	
22.984	
22.948	
22.917	
22.909	
22.914	
22.814	
22.823	
22.925	
22.911	
22.993	
22.949	
23.011	
23.07	
22.894	
22.822	
22.861	
22.801	
22.882	
22.7	
22.833	
23.056	
22.909	
22.847	
22.872	
22.781	
22.975	
22.825	
22.961	
22.731	
22.957	
22.857	
22.801	
23.049	
22.914	
22.946	
22.7	
23.08	
23.042	
22.993	
22.785	
22.807	
22.812	
22.578	
22.811	
22.92	
22.899	
22.951	
22.992	
22.988	
22.785	
22.835	
22.907	
23.017	
22.912	
22.943	
22.661	
22.925	
22.896	
22.627	
22.951	
23.031	
22.878	
22.86	
23.08	
22.503	
22.747	
22.954	
23.042	
22.897	
22.982	
22.822	
22.898	
22.964	
22.919	
22.84	
23.072	
23.004	
22.892	
23.049	
23.008	
22.834	
22.867	
22.89	
22.776	
22.74	
23.259	
22.851	
22.771	
22.819	
22.882	
22.617	
22.932	
22.68	
22.907	
23.028	
22.808	
23.001	
22.995	
22.95	
22.821	
22.921	
22.986	
22.778	
22.644	
22.571	
22.805	
22.878	
22.791	
23.062	
22.998	
23.024	
22.909	
22.997	
22.949	
22.87	
22.989	
22.733	
22.814	
22.902	
22.993	
22.982	
22.974	
22.978	
22.78	
22.82	
22.765	
22.778	
22.957	
22.865	
22.967	
22.902	
22.942	
22.846	
23.071	
22.853	
22.674	
22.851	
22.882	
23.029	
22.934	
22.886	
22.933	
22.947	
22.821	
22.782	
22.845	
22.851	
22.922	
22.822	
23.029	
22.98	
22.763	
22.971	
22.784	
22.796	
22.871	
22.727	
22.837	
22.962	
22.765	
22.939	
22.896	
22.766	
22.912	
22.857	
22.64	
22.878	
22.883	
22.843	
22.635	
22.913	
22.83	
22.865	
22.908	
22.842	
22.995	
22.81	
22.991	
22.776	
22.979	
22.801	
22.736	
22.802	
22.694	
22.901	
23.094	
22.853	
22.786	
23.03	
22.885	
22.916	
22.715	
22.971	
22.877	
22.781	
22.911	
22.872	
22.701	
22.902	
23.044	
22.955	
22.765	
23.035	
22.822	
22.806	
22.805	
23.038	
22.914	
22.924	
22.799	
22.92	
22.887	
22.721	
23.111	
22.888	
22.87	
22.778	
22.937	
22.904	
23.041	
22.75	
22.738	
23.003	
22.87	
22.908	
22.949	
22.875	
22.874	
22.81	
22.834	
23.059	
22.841	
22.766	
22.914	
22.938	
22.618	
22.943	
22.953	
22.823	
22.904	
22.888	
22.783	
22.761	
23.039	
22.921	
23.08	
22.872	
22.721	
23.1	
22.961	
22.805	
22.969	
22.756	
22.851	
22.689	
23.203	
22.795	
23.074	
22.861	
22.989	
22.84	
22.853	
22.898	
22.983	
23.11	
22.706	
23.144	
22.835	
23.126	
22.719	
23.09	
22.765	
22.894	
22.88	
22.927	
22.835	
22.818	
22.888	
22.798	
23.004	
22.817	
23.072	
22.749	
22.943	
22.852	
22.704	
22.963	
22.91	
22.758	
22.963	
22.834	
22.721	
22.857	
23.006	
22.825	
22.894	
22.954	
22.855	
22.991	
22.912	
22.752	
22.966	
22.827	
22.65	
22.994	
23.044	
22.984	
22.854	
23.018	
22.87	
22.964	
23.003	
22.86	
23.007	
22.756	
23.015	
22.793	
22.887	
22.843	
22.786	
22.897	
22.944	
22.694	
22.718	
22.907	
22.754	
22.798	
23.029	
22.796	
22.904	
22.899	
22.787	
22.894	
22.995	
22.862	
22.955	
22.817	
22.829	
23.02	
22.821	
22.845	
22.912	
22.878	
22.707	
22.847	
22.73	
22.647	
22.86	
22.893	
22.95	
22.94	
22.858	
22.931	
22.827	
22.991	
22.859	
22.794	
23.009	
22.929	
22.824	
22.693	
22.647	
22.831	
22.687	
22.913	
22.701	
22.914	
22.757	
22.811	
22.955	
22.98	
22.98	
22.736	
22.933	
22.885	
23.046	
22.744	
23.01	
23.008	
22.993	
22.938	
22.739	
22.838	
22.846	
22.965	
22.897	
22.643	
22.744	
22.796	
22.91	
22.931	
22.761	
22.816	
22.75	
22.918	
22.96	
22.863	
22.675	
22.873	
22.888	
22.708	
22.815	
22.77	
23.039	
22.948	
22.963	
22.923	
22.773	
22.818	
22.921	
22.954	
23.046	
22.972	
23.091	
22.859	
22.906	
22.877	
23.073	
22.847	
22.941	
22.949	
22.878	
22.733	
22.73	
22.993	
23.061	
23.073	
22.626	
22.857	
22.847	
22.84	
22.871	
22.969	
22.979	
22.685	
23.007	
22.878	
22.873	
22.853	
22.895	
22.986	
22.977	
23.037	
23.013	
22.908	
22.672	
22.876	
22.892	
22.949	
22.808	
22.944	
23.097	
23	
23.011	
22.889	
22.871	
22.87	
22.91	
23.125	
23.012	
22.979	
22.986	
22.858	
22.958	
22.911	
23.048	
22.823	
23	
22.993	
23.033	
22.8	
22.885	
22.805	
22.804	
23.006	
22.705	
23.054	
23.073	
23.026	
22.805	
22.666	
22.765	
22.963	
22.969	
22.775	
22.861	
22.913	
23.075	
22.913	
22.889	
22.918	
22.963	
23.074	
22.816	
22.903	
22.866	
22.81	
22.949	
22.699	
22.88	
22.907	
23.003	
22.838	
22.74	
22.841	
23.011	
23.115	
23.015	
22.964	
22.956	
22.753	
22.83	
22.705	
23.033	
22.988	
22.699	
22.689	
23.016	
22.973	
22.914	
22.959	
22.981	
22.892	
23.011	
22.891	
22.748	
23.017	
22.95	
22.81	
22.988	
22.916	
22.819	
23.035	
22.924	
23.036	
22.835	
22.858	
23.07	
22.679	
22.905	
23.054	
22.772	
22.753	
22.718	
23.021	
22.964	
23.107	
22.87	
22.772	
22.823	
22.886	
22.972	
22.967	
22.746	
23.011	
22.816	
22.848	
22.92	
22.961	
22.621	
22.931	
22.967	
22.855	
22.753	
22.575	
22.978	
23.082	
22.977	
22.864	
22.741	
22.842	
22.931	
22.784	
22.974	
22.689	
22.97	
22.91	
22.847	
22.943	
22.712	
22.795	
23.086	
22.973	
22.86	
22.739	
22.844	
22.854	
22.927	
22.969	
22.757	
22.865	
22.943	
22.877	
22.836	
22.932	
23.05	
22.772	
22.985	
22.867	
22.765	
22.904	
23.057	
22.757	
23.034	
22.867	
22.841	
22.929	
22.955	
22.819	
23.015	
22.865	
22.823	
22.797	
22.928	
22.844	
22.888	
22.764	
23	
22.934	
23.044	
22.972	
22.732	
22.896	
22.993	
22.812	
22.918	
22.836	
22.778	
22.767	
22.685	
22.651	
22.821	
22.816	
22.98	
22.726	
22.737	
22.886	
22.791	
23.061	
22.625	
22.881	
22.759	
22.75	
22.969	
22.981	
22.947	
22.968	
22.959	
22.988	
22.829	
22.602	
22.854	
22.758	
23.049	
22.744	
22.773	
23.126	
22.58	
22.853	
23.019	
22.843	
22.836	
22.873	
23.029	
22.847	
22.909	
23.033	
22.763	
22.935	
22.592	
23.019	
23.071	
22.761	
23.008	
22.713	
22.933	
22.713	
22.706	
22.867	
22.847	
23.094	
22.678	
22.899	
22.924	
22.762	
22.804	
22.991	
22.948	
22.921	
22.778	
22.993	
22.88	
22.671	
22.828	
22.87	
22.805	
22.837	
22.835	
22.907	
22.941	
22.896	
23.057	
22.672	
23.008	
22.801	
22.711	
23.041	
23.013	
22.735	
23.015	
22.703	
22.86	
22.961	
23	
23.074	
22.927	
22.995	
22.872	
22.733	
22.918	
22.966	
22.999	
22.904	
23.021	
22.878	
22.94	
22.931	
22.686	
22.9	
22.992	
22.738	
22.882	
22.784	
22.875	
22.706	
22.971	
23.204	
22.951	
23.093	
22.956	
22.82	
22.916	
22.785	
22.927	
23.042	
22.69	
23.095	
22.782	
22.983	
23.001	
22.81	
22.814	
22.808	
22.781	
22.852	
22.788	
22.839	
22.998	
22.852	
22.874	
22.821	
22.94	
22.87	
22.838	
22.846	
22.783	
23.01	
22.895	
22.804	
22.604	
22.976	
22.899	
22.927	
22.819	
22.904	
22.967	
22.631	
22.983	
22.787	
22.864	
22.935	
22.846	
22.704	
22.766	
23.054	
22.844	
22.978	
22.939	
22.601	
22.657	
22.866	
22.777	
22.843	
22.835	
22.873	
22.954	
22.978	
22.65	
22.833	
22.838	
22.997	
22.564	
22.858	
22.952	
22.851	
22.751	
23.088	
23.145	
22.691	
22.874	
23.105	
22.813	
23.047	
22.874	
22.874	
22.939	
22.976	
22.853	
22.745	
22.718	
22.84	
22.899	
22.908	
22.975	
22.864	
23.166	
23.002	
22.887	
23.096	
22.793	
22.905	
22.811	
23.023	
22.987	
22.823	
22.982	
22.934	
23.016	
22.927	
22.668	
22.929	
22.966	
22.54	
22.91	
22.695	
22.815	
22.927	
23.052	
22.849	
22.737	
23.038	
22.832	
22.827	
22.782	
22.891	
22.625	
22.833	
22.911	
22.857	
22.674	
22.821	
22.94	
22.828	
22.812	
22.882	
22.834	
22.792	
22.879	
22.856	
22.923	
22.637	
22.798	
23.176	
22.92	
22.818	
22.815	
22.731	
22.684	
22.812	
22.784	
22.817	
22.756	
23.013	
23.186	
22.956	
22.875	
22.7	
23.021	
22.753	
22.808	
22.968	
23.108	
23.036	
22.968	
22.709	
22.844	
22.892	
23.05	
22.733	
22.995	
22.834	
23.118	
23.116	
23.133	
22.942	
22.891	
22.717	
22.798	
22.788	
22.704	
22.879	
22.909	
22.909	
22.86	
22.896	
22.855	
22.866	
22.875	
23.041	
22.79	
23.039	
22.873	
22.862	
22.776	
23.086	
22.972	
22.815	
23	
22.726	
22.914	
22.863	
22.955	
22.684	
22.983	
22.943	
22.889	
22.942	
22.708	
22.77	
22.907	
22.962	
22.789	
22.686	
22.997	
22.933	
23.08	
22.899	
23.036	
22.994	
22.996	
22.93	
23.015	
23.039	
22.754	
22.736	
22.998	
23.15	
22.921	
22.898	
22.73	
22.78	
23.079	
22.935	
23.08	
22.917	
22.841	
23.053	
22.955	
23.001	
23.064	
22.807	
22.809	
22.978	
22.976	
22.908	
23.016	
22.898	
22.851	
23.042	
22.91	
22.906	
22.876	
22.863	
23.065	
22.915	
22.887	
22.862	
22.753	
23.129	
22.927	
22.747	
22.93	
22.789	
23.013	
22.67	
22.925	
22.809	
22.801	
22.873	
22.924	
23.045	
22.836	
23.015	
22.826	
22.753	
22.78	
23.038	
22.708	
22.783	
22.948	
23.13	
23.094	
22.838	
22.895	
22.914	
22.785	
23.063	
22.883	
23	
22.686	
22.635	
22.801	
22.625	
22.747	
22.813	
22.819	
22.908	
22.861	
22.948	
22.815	
23.027	
23.043	
23.045	
22.973	
23.055	
23.006	
22.795	
22.962	
22.84	
22.902	
23.15	
22.894	
22.701	
22.807	
22.631	
22.864	
23.17	
23.121	
22.916	
22.697	
22.925	
22.747	
22.74	
22.847	
22.949	
23.017	
22.882	
22.69	
22.948	
22.96	
23.076	
22.833	
23.151	
22.869	
22.925	
22.912	
22.804	
22.621	
22.994	
22.869	
22.839	
22.794	
22.722	
22.887	
22.921	
22.801	
22.851	
22.943	
23.006	
22.915	
22.896	
22.988	
22.937	
22.692	
22.872	
22.858	
23.076	
22.894	
22.802	
22.914	
22.882	
22.933	
22.738	
23.094	
22.729	
22.793	
22.928	
23.005	
22.818	
22.719	
23.058	
22.683	
22.856	
22.881	
22.997	
22.738	
23.042	
22.917	
22.831	
22.781	
22.782	
22.81	
22.752	
22.735	
22.892	
22.861	
22.916	
23.133	
22.727	
22.781	
22.968	
22.95	
22.948	
22.854	
22.769	
22.902	
22.789	
22.841	
22.641	
22.918	
22.783	
22.855	
22.716	
23.074	
22.88	
22.948	
22.782	
22.703	
22.702	
22.83	
22.906	
22.805	
22.779	
22.813	
22.907	
23.083	
22.949	
22.879	
22.945	
22.798	
22.917	
22.698	
22.738	
22.801	
22.784	
22.756	
22.752	
22.934	
22.724	
22.856	
22.739	
22.722	
22.786	
22.721	
22.855	
23.074	
22.869	
22.741	
22.807	
22.829	
23.034	
22.861	
23.112	
22.634	
22.993	
22.897	
22.715	
22.695	
22.985	
22.818	
22.811	
22.507	
22.786	
22.763	
22.92	
22.828	
22.879	
22.885	
22.83	
22.739	
22.834	
22.764	
22.647	
22.955	
22.988	
22.733	
22.862	
22.813	
22.804	
22.815	
22.796	
22.74	
22.883	
22.739	
22.798	
22.941	
22.896	
22.936	
22.861	
22.755	
22.847	
22.795	
22.821	
22.711	
22.682	
22.614	
22.786	
22.921	
22.682	
22.863	
22.879	
22.747	
22.915	
22.678	
22.861	
22.771	
22.631	
22.931	
22.79	
22.886	
22.773	
22.711	
22.879	
22.975	
22.779	
22.852	
22.808	
22.881	
22.77	
22.764	
22.761	
22.804	
22.819	
22.652	
22.758	
22.91	
22.875	
22.768	
22.903	
22.734	
22.821	
23.043	
22.724	
22.79	
22.76	
22.879	
22.971	
22.89	
22.729	
22.901	
22.821	
22.798	
22.881	
22.778	
22.843	
22.823	
22.907	
22.727	
22.791	
22.96	
22.732	
22.687	
23.03	
22.836	
22.785	
23.002	
23.03	
22.615	
22.781	
22.728	
22.792	
22.848	
22.823	
22.909	
22.754	
22.834	
22.737	
22.711	
22.942	
22.756	
22.839	
22.725	
22.995	
22.854	
22.874	
22.809	
22.833	
22.831	
22.982	
22.932	
22.922	
22.976	
22.5	
22.89	
22.631	
22.899	
22.619	
22.886	
22.685	
22.596	
22.975	
22.892	
22.812	
22.849	
22.889	
22.883	
22.947	
22.63	
22.716	
22.829	
22.871	
22.772	
22.799	
22.711	
22.747	
22.679	
22.678	
22.777	
22.821	
22.578	
22.991	
23.034	
22.768	
22.822	
22.76	
22.757	
22.745	
22.661	
22.929	
22.84	
22.901	
22.849	
22.686	
22.849	
22.739	
22.909	
22.793	
22.714	
22.575	
22.728	
22.703	
22.732	
22.931	
23.064	
22.631	
22.887	
22.898	
23.028	
22.702	
23.082	
22.894	
22.789	
22.896	
22.598	
22.933	
22.866	
22.798	
22.903	
22.904	
22.811	
22.96	
22.797	
22.761	
22.918	
22.786	
22.868	
22.837	
22.776	
23.055	
22.625	
22.77	
22.596	
22.95	
22.831	
22.808	
22.892	
22.835	
22.835	
22.893	
23.021	
22.844	
23.089	
22.908	
22.751	
22.844	
22.737	
22.945	
22.819	
23.133	
22.619	
22.652	
23.025	
22.698	
22.702	
22.696	
22.681	
22.895	
22.711	
22.83	
22.677	
22.713	
22.703	
22.872	
22.763	
22.726	
22.648	
22.829	
22.886	
22.735	
22.757	
22.852	
22.613	
22.847	
22.815	
22.729	
22.833	
22.692	
22.872	
22.802	
22.72	
22.968	
22.931	
23.002	
22.686	
22.695	
22.901	
22.756	
23.037	
22.923	
22.652	
22.679	
22.663	
22.715	
22.487	
22.784	
23.032	
22.666	
22.642	
22.755	
22.97	
22.734	
22.736	
22.822	
22.878	
22.787	
22.659	
22.855	
22.918	
22.743	
22.741	
22.959	
22.72	
22.828	
22.687	
22.674	
23.007	
22.732	
22.825	
22.833	
22.862	
22.813	
22.794	
22.692	
22.73	
22.914	
22.77	
22.848	
22.895	
22.866	
22.552	
22.701	
22.927	
22.623	
22.765	
22.879	
22.633	
22.936	
22.724	
22.888	
22.701	
22.681	
22.666	
22.756	
22.828	
22.51	
22.714	
22.715	
22.633	
22.803	
22.761	
22.74	
22.845	
22.746	
22.602	
22.782	
22.822	
22.626	
22.865	
22.769	
22.78	
22.918	
22.838	
22.741	
22.755	
22.645	
22.756	
22.814	
22.877	
22.661	
22.968	
22.639	
22.85	
22.771	
22.861	
22.906	
22.789	
22.88	
22.923	
22.859	
22.707	
22.698	
22.66	
22.704	
22.886	
22.407	
22.769	
22.976	
22.795	
22.959	
22.601	
22.933	
22.875	
22.679	
22.574	
22.791	
22.988	
22.763	
22.825	
22.844	
22.766	
22.69	
22.862	
23.042	
22.776	
22.758	
22.626	
22.938	
22.817	
22.869	
22.588	
22.647	
23.043	
22.741	
22.777	
22.934	
22.834	
22.78	
22.761	
22.886	
22.84	
22.975	
22.58	
22.716	
22.635	
22.773	
22.771	
22.716	
22.748	
22.694	
22.902	
22.685	
22.652	
22.841	
22.931	
22.683	
22.779	
22.55	
22.605	
22.774	
22.721	
22.892	
22.708	
22.899	
22.713	
22.719	
22.543	
22.792	
22.653	
22.702	
22.913	
22.712	
22.691	
22.851	
22.924	
22.775	
22.733	
22.883	
22.965	
22.854	
22.937	
22.919	
22.796	
22.854	
22.746	
22.704	
22.837	
22.814	
22.689	
22.815	
23.038	
22.834	
22.672	
22.667	
22.805	
22.982	
22.851	
22.971	
22.785	
22.735	
22.577	
22.595	
22.706	
22.822	
22.752	
22.86	
22.77	
22.922	
22.814	
22.632	
22.796	
22.793	
22.645	
22.887	
22.952	
22.722	
22.787	
22.442	
22.782	
22.939	
22.66	
22.989	
22.684	
22.955	
22.561	
22.65	
22.666	
22.758	
22.894	
22.765	
22.753	
22.832	
22.835	
22.764	
22.75	
22.901	
22.979	
22.898	
22.911	
22.73	
22.699	
23.093	
22.765	
22.979	
22.607	
22.619	
22.69	
22.902	
22.858	
22.737	
22.646	
22.717	
22.908	
22.773	
22.976	
22.674	
22.759	
22.902	
22.728	
22.838	
22.745	
23.06	
22.849	
22.709	
22.876	
22.67	
22.78	
22.704	
22.699	
22.844	
22.916	
22.684	
22.601	
22.794	
23.033	
22.803	
22.94	
23.071	
22.781	
22.699	
22.907	
22.964	
22.645	
22.874	
22.603	
22.879	
22.591	
22.798	
22.694	
22.963	
23.017	
22.692	
22.755	
22.597	
22.906	
22.762	
23.054	
22.837	
22.701	
22.801	
22.669	
22.657	
22.976	
22.667	
22.859	
22.747	
22.674	
22.791	
22.782	
22.662	
22.763	
22.745	
22.723	
23.071	
22.7	
22.607	
22.68	
22.918	
22.858	
22.821	
22.871	
22.947	
22.753	
22.871	
22.81	
22.883	
22.711	
